1.0169855977813842
1.0187617300777267
1.014091113739664
1.1692336129522285
1.1405338494801072
1.0015867316193459
1.0002976930360155
.2619552046568593
.1494449997100311
.017021997040840207
.1634838068698169
.02822683474707108
.027722250771020106
.16067351207859085
.024234749984732275
.01968548767928479
.14124704356394455
.01941030348555036
.0037768152493951016
.0027900064292491825
.0066934445203954245
.021819548380830184
.003679173096913254
.006723656830775944
.0066837367511404025
.020936397911646875
.025451780409442636
.1490631498724902
.02092267868438647
.016352479251895362
.0006310391318896377
.0011897708915622517
.001092851924560706
.0013100817517164118
.00016290460408903342
.0010773801852083766
.0018102363121764989
.0002943966473203324
.00024379457086102786
9773360968782073e-20
829646010313223e-19
.008228445878324792
.01590750928895889
.017292680744745315
.0015599500812220903
9958695457432993e-20
.0019097674506502974
.00039834781829731957
.0017791818658972243
.0002977985702649078
.00029876086372298963
9924182630434487e-20
.00013604364237753032
6147251991400322e-20
7025290747547994e-20
6263915526426635e-20
5890839730809379e-20
.00037477910361877784
.00015721337702398515
9517254128018036e-20
.00019034508256036072
.00018741180075114257
78231640572718e-18
7791798405302844e-20
9229222326487468e-20
7954227685665568e-20
.00018419237389072788
7954227685665568e-20
9325584307427973e-20
7895581847792112e-20
.0037478093167100748
.002967784371430781
.00015750737289867587
.0002800282133226051
6717289739652937e-20
.0002744563444940917
6678797796578042e-20
.00015276388023380925
.003888354133343629
.003202173992165341
6723983723924343e-20
7916915575030876e-20
.0001555390642139
